-2.382149296634050728e-03
-2.382149296634050728e-03
-2.382149296634050728e-03
-2.382149296634050728e-03
-2.382149296634050728e-03
-2.382149296634050728e-03
-2.382149296634050728e-03
-2.382149296634050728e-03
-2.382149296634050728e-03
-2.382149296634050728e-03
-2.382149296634050728e-03
-2.382149296634050728e-03
-2.382149296634050728e-03
-2.382149296634050728e-03
-2.382149296634050728e-03
-2.382149296634050728e-03
-2.382149296634050728e-03
-2.382149296634050728e-03
-2.382149296634050728e-03
-2.382149296634050728e-03
-2.382149296634050728e-03
-2.382149296634050728e-03
-2.382149296634050728e-03
-2.382149296634050728e-03
-2.382149296634050728e-03
-2.382149296634050728e-03
-2.382149296634050728e-03
-2.382149296634050728e-03
-2.382149296634050728e-03
-2.382149296634050728e-03
-2.382149296634050728e-03
-2.382149296634050728e-03
-2.382149296634050728e-03
-2.382149296634050728e-03
-2.382149296634050728e-03
-2.382149296634050728e-03
-2.382149296634050728e-03
-2.382149296634050728e-03
-2.382149296634050728e-03
-2.382149296634050728e-03
-2.382149296634050728e-03
-2.382149296634050728e-03
-2.382149296634050728e-03
-2.382149296634050728e-03
-2.382149296634050728e-03
-2.382149296634050728e-03
-2.382149296634050728e-03
-2.382149296634050728e-03
-2.382149296634050728e-03
-2.382149296634050728e-03
-2.382149296634050728e-03
-2.382149296634050728e-03
-2.382149296634050728e-03
-2.382149296634050728e-03
-2.382149296634050728e-03
-2.382149296634050728e-03
-2.382149296634050728e-03
-2.382149296634050728e-03
-2.382149296634050728e-03
-2.382149296634050728e-03
-2.382149296634050728e-03
-2.382149296634050728e-03
-2.382149296634050728e-03
-2.382149296634050728e-03
-2.382149296634050728e-03
-2.382149296634050728e-03
-2.382149296634050728e-03
-2.382149296634050728e-03
-2.382149296634050728e-03
-2.382149296634050728e-03
-2.382149296634050728e-03
-2.382149296634050728e-03
-2.382149296634050728e-03
-2.382149296634050728e-03
-2.382149296634050728e-03
-2.382149296634050728e-03
-2.382149296634050728e-03
-2.382149296634050728e-03
-2.382149296634050728e-03
-2.382149296634050728e-03
-2.382149296634050728e-03
-2.382149296634050728e-03
-2.382149296634050728e-03
-2.382149296634050728e-03
-2.382149296634050728e-03
-2.382149296634050728e-03
-2.382149296634050728e-03
-2.382149296634050728e-03
-2.382149296634050728e-03
-2.382149296634050728e-03
-2.382149296634050728e-03
-2.382149296634050728e-03
-2.382149296634050728e-03
-2.382149296634050728e-03
-2.382149296634050728e-03
-2.382149296634050728e-03
-2.382149296634050728e-03
-2.382149296634050728e-03
-2.382149296634050728e-03
-2.382149296634050728e-03
-2.382149296634050728e-03
-2.382149296634050728e-03
-2.382149296634050728e-03
-2.382149296634050728e-03
-2.382149296634050728e-03
-2.382149296634050728e-03
-2.382149296634050728e-03
-2.382149296634050728e-03
-2.382149296634050728e-03
-2.382149296634050728e-03
-2.382149296634050728e-03
-2.382149296634050728e-03
-2.382149296634050728e-03
-2.382149296634050728e-03
-2.382149296634050728e-03
-2.382149296634050728e-03
-2.382149296634050728e-03
-2.382149296634050728e-03
-2.382149296634050728e-03
-2.382149296634050728e-03
-2.382149296634050728e-03
-2.382149296634050728e-03
-2.382149296634050728e-03
-2.382149296634050728e-03
-2.382149296634050728e-03
-2.382149296634050728e-03
-2.382149296634050728e-03
-2.382149296634050728e-03
-2.382149296634050728e-03
-2.382149296634050728e-03
-2.382149296634050728e-03
-2.382149296634050728e-03
-2.382149296634050728e-03
-2.382149296634050728e-03
-2.382149296634050728e-03
-2.382149296634050728e-03
-2.382149296634050728e-03
-2.382149296634050728e-03
-2.382149296634050728e-03
-2.382149296634050728e-03
-2.382149296634050728e-03
-2.382149296634050728e-03
-2.382149296634050728e-03
-2.382149296634050728e-03
-2.382149296634050728e-03
-2.382149296634050728e-03
-2.382149296634050728e-03
-2.382149296634050728e-03
-2.382149296634050728e-03
-2.382149296634050728e-03
-2.382149296634050728e-03
-2.382149296634050728e-03
-2.382149296634050728e-03
-2.382149296634050728e-03
-2.382149296634050728e-03
-2.382149296634050728e-03
-2.382149296634050728e-03
-2.382149296634050728e-03
-2.382149296634050728e-03
-2.382149296634050728e-03
-2.382149296634050728e-03
-2.382149296634050728e-03
-2.382149296634050728e-03
-2.382149296634050728e-03
-2.382149296634050728e-03
-2.382149296634050728e-03
-2.382149296634050728e-03
-2.382149296634050728e-03
-2.382149296634050728e-03
-2.382149296634050728e-03
-2.382149296634050728e-03
-2.382149296634050728e-03
-2.382149296634050728e-03
-2.382149296634050728e-03
-2.382149296634050728e-03
-2.382149296634050728e-03
-2.382149296634050728e-03
-2.382149296634050728e-03
-2.382149296634050728e-03
-2.382149296634050728e-03
-2.382149296634050728e-03
-2.382149296634050728e-03
-2.382149296634050728e-03
-2.382149296634050728e-03
-2.382149296634050728e-03
-2.382149296634050728e-03
-2.382149296634050728e-03
-2.382149296634050728e-03
-2.382149296634050728e-03
-2.382149296634050728e-03
-2.382149296634050728e-03
-2.382149296634050728e-03
-2.382149296634050728e-03
-2.382149296634050728e-03
-2.382149296634050728e-03
-2.382149296634050728e-03
-2.382149296634050728e-03
-2.382149296634050728e-03
-2.382149296634050728e-03
-2.382149296634050728e-03
-2.382149296634050728e-03
-2.382149296634050728e-03
-2.382149296634050728e-03
-2.382149296634050728e-03
-2.382149296634050728e-03
-2.382149296634050728e-03
-2.382149296634050728e-03
-2.384004795805028110e-03
-2.425572391997921073e-03
-2.522516158792287300e-03
-2.680524525693339655e-03
-2.900522698234375696e-03
-3.181418919814937851e-03
-3.522767546496385904e-03
-3.931526145365182856e-03
-4.408670623392341170e-03
-4.952653463318856808e-03
-5.563434349963758407e-03
-6.241182724525895509e-03
-6.985133204923554828e-03
-7.800873961482546193e-03
-8.687859605379433248e-03
-9.643905915186712363e-03
-1.066675429898666927e-02
-1.175407596707400693e-02
-1.290347616028109101e-02
-1.411249842823814049e-02
-1.537862895175545752e-02
-1.669930090338644924e-02
-1.807189884009563485e-02
-1.949376312182971027e-02
-2.096219434966184458e-02
-2.247445781707280155e-02
-2.402778796781568360e-02
-2.561939285372027975e-02
-2.724645858572660728e-02
-2.890615377135441477e-02
-3.059563393179387525e-02
-3.231204589176672748e-02
-3.405253213531578282e-02
-3.581576904493211089e-02
-3.761632698059025337e-02
-3.945621512500929740e-02
-4.133191249876699835e-02
-4.323655733196263284e-02
-4.516591117337798167e-02
-4.711682509304626620e-02
-4.908677273480499537e-02
-5.107961149720452454e-02
-5.309417394578930249e-02
-5.512748293212288431e-02
-5.717930105815716146e-02
-5.924725145454701192e-02
-6.132808378603082922e-02
-6.341887934450340936e-02
-6.551995360677143054e-02
-6.762911452415742986e-02
-6.974360415646052580e-02
-7.186538946670140149e-02
-7.399276230103501995e-02
-7.612259566288792634e-02
-7.825336911479729984e-02
-8.038261051021056147e-02
-8.250719977953369089e-02
-8.462392014729935852e-02
-8.672811723022011421e-02
-8.881637015516274936e-02
-9.088557858665691214e-02
-9.293035060042864615e-02
-9.494722863283722170e-02
-9.693332602248916352e-02
-9.888298190192679193e-02
-1.007928763288439278e-01
-1.026607116824893584e-01
-1.044834885444279049e-01
-1.062500796904384259e-01
-1.079559627825625867e-01
-1.095985338874985171e-01
-1.111661754126114232e-01
-1.126546097845675387e-01
-1.140626741554937595e-01
-1.153893376437595819e-01
-1.166332465056740819e-01
-1.177843632308765986e-01
-1.188375479903061027e-01
-1.197832753599346045e-01
-1.206188194737651820e-01
-1.213443597492329662e-01
-1.219593430795882227e-01
-1.224541770883997849e-01
-1.228266889332867429e-01
-1.230741717749159747e-01
-1.231557550159039227e-01
-1.230610255979562861e-01
-1.227923051652901609e-01
-1.223521281450901110e-01
-1.217432359836443378e-01
-1.209685712862633711e-01
-1.200312718568228298e-01
-1.189346646319275891e-01
-1.176822595040976083e-01
-1.162777430280144131e-01
-1.147249720037577525e-01
-1.130279669310847446e-01
-1.111909053291433302e-01
-1.092181149165778464e-01
-1.071140666477383707e-01
-1.048833676016518446e-01
-1.025307537215118803e-01
-1.000610824037013735e-01
-9.747932493672606391e-02
-9.479055879191622402e-02
-9.199995976929820074e-02
-8.911279400364091607e-02
-8.613440983731868172e-02
-8.307022956826148885e-02
-7.992574108289085544e-02
-7.670648938552271368e-02
-7.341806803722694674e-02
-7.006611051858824268e-02
-6.665628153214075979e-02
-6.319426826147456211e-02
-5.968577160510846191e-02
-5.613649740416093437e-02
-5.255214768364924183e-02
-4.893841192787062866e-02
-4.530095841077441676e-02
-4.164542560251804915e-02
-3.797741367349871666e-02
-3.430247611709580369e-02
-3.062611151209293503e-02
-2.695375544535982826e-02
-2.329077261478595950e-02
-1.964244913173551765e-02
-1.601398504142981238e-02
-1.241048707865677336e-02
-8.836961675100063474e-03
-5.298308233354198649e-03
-1.799312681387998936e-03
1.655358680153984352e-03
5.061165026874370199e-03
8.413696546287319222e-03
1.170867965225907970e-02
1.494198187175699299e-02
1.810961639894381747e-02
2.120774631313360192e-02
2.423268845856796361e-02
2.718091698536651002e-02
3.004906655234085289e-02
3.283393519362420854e-02
3.553248685225418591e-02
3.814185358494059930e-02
4.065933744325334054e-02
4.308241203736629110e-02
4.540872378929505793e-02
4.763609288325842961e-02
4.976251392138630880e-02
5.178615629347560478e-02
5.370536426988437029e-02
5.551865682692624926e-02
5.722472721432314557e-02
5.882244227435851069e-02
6.031084152239163387e-02
6.168913599832059891e-02
6.295670689844568013e-02
6.411310399698266771e-02
6.515804386622148225e-02
6.609140790402268095e-02
6.691324017700817084e-02
6.762374508743407286e-02
6.822328487134698971e-02
6.871237693522835865e-02
6.909169103792545119e-02
6.936204632427478423e-02
6.952440821642991153e-02
6.957988516854385352e-02
6.952972529010237324e-02
6.937531284289488731e-02
6.911816461631847819e-02
6.875992618547299706e-02
6.830236805629019692e-02
6.774738170178362662e-02
6.709697549338267120e-02
6.635327053124129293e-02
6.551849637738282883e-02
6.459498669555918671e-02
6.358517480175451819e-02
6.249158912937113897e-02
6.131684861326480718e-02
6.006365799697588326e-02
5.873480306770084702e-02
5.733314582378379320e-02
5.586161957976587544e-02
5.432322401429445780e-02
5.272102016649482525e-02
5.105812538669374234e-02
4.933770824768668462e-02
4.756298342304632332e-02
4.573720653925339441e-02
4.386366900872273877e-02
4.194569285105642642e-02
3.998662551011200605e-02
3.798983467468530772e-02
3.595870311081639237e-02
3.389662351388134098e-02
3.180699338876713522e-02
2.969320996652335953e-02
2.755866516593752369e-02
2.540674060849856808e-02
2.324080269518757902e-02
2.106419775347201373e-02
1.888024726276871235e-02
1.669224316649475792e-02
1.450344327863684057e-02
1.231706679254496173e-02
1.013628989938841762e-02
7.964241523417348034e-03
5.803999180841179495e-03
3.658584968771472212e-03
1.530961690298759947e-03
-5.759708786533535019e-04
-2.659379575463471923e-03
-4.716501285172647329e-03
-6.744646218745931066e-03
-8.741201031394529863e-03
-1.070363177758681950e-02
-1.262948669985419770e-02
-1.451639884897537591e-02
-1.636208853359422122e-02
-1.816436559779077697e-02
-1.992113152557561939e-02
-2.163038137172712538e-02
-2.329020551880112144e-02
-2.489879126056737668e-02
-2.645442421250110421e-02
-2.795548955033289040e-02
-2.940047307799553700e-02
-3.078796212664114407e-02
-3.211664628667865173e-02
-3.338531797507449106e-02
-3.459287284038992105e-02
-3.573831000826155346e-02
-3.682073217022407974e-02
-3.783934551895740128e-02
-3.879345953318247275e-02
-3.968248661557272072e-02
-4.050594158715581372e-02
-4.126344104176715710e-02
-4.195470256420330557e-02
-4.257954381577566672e-02
-4.313788149101238645e-02
-4.362973014929316662e-02
-4.405520092522308140e-02
-4.441450012156589189e-02
-4.470792768856179933e-02
-4.493587559347123062e-02
-4.509882608416093674e-02
-4.519734985056711452e-02
-4.523210408785116599e-02
-4.520383046506415425e-02
-4.511335300313268348e-02
-4.496157586597537836e-02
-4.474948106856135865e-02
-4.447812610572920988e-02
-4.414864150559161260e-02
-4.376222831136944436e-02
-4.332015549551093692e-02
-4.282375730998144725e-02
-4.227443057663782255e-02
-4.167363192162354402e-02
-4.102287495777301451e-02
-4.032372741904199920e-02
-3.957780825102119593e-02
-3.878678466165363936e-02
-3.795236913629262965e-02
-3.707631642131303806e-02
-3.616042048051548718e-02
-3.520651142861308536e-02
-3.421645244613480408e-02
-3.319213668011400387e-02
-3.213548413496614131e-02
-3.104843855799055419e-02
-2.993296432394987328e-02
-2.879104332319726289e-02
-2.762467185783035184e-02
-2.643585755034738582e-02
-2.522661626927047429e-02
-2.399896907618104258e-02
-2.275493919857951575e-02
-2.149654903293685138e-02
-2.022581718226357239e-02
-1.894475553243757382e-02
-1.765536637147491206e-02
-1.635963955582986351e-02
-1.505954972771350597e-02
-1.375705358731216243e-02
-1.245408722366647680e-02
-1.115256350784066264e-02
-9.854369551868247257e-03
-8.561364236824076102e-03
-7.275375813192264118e-03
-5.998199576558782553e-03
-4.731595621468409618e-03
-3.477286676115465269e-03
-2.236956020348901397e-03
-1.012245489291574430e-03
1.952464353259797392e-04
1.383966444203910129e-03
2.552408128169592061e-03
3.699113613014448632e-03
4.822675100146223137e-03
5.921736311931824481e-03
6.994993840794938578e-03
8.041198401326887790e-03
9.059155984854516674e-03
1.004772891609562180e-02
1.100583681170996808e-02
1.193245744072746195e-02
1.282662748701179911e-02
1.368744321406845099e-02
1.451406103267738334e-02
1.530569797197189885e-02
1.606163205473343236e-02
1.678120257781090530e-02
1.746381029870092139e-02
1.810891752945487099e-02
1.871604813918725796e-02
1.928478746658246479e-02
1.981478214389120751e-02
2.030573983401007254e-02
2.075742888233211847e-02
2.116967788513468562e-02
2.154237517636026222e-02
2.187546823471386848e-02
2.216896301307236250e-02
2.242292319227012776e-02
2.263746936137733812e-02
2.281277812665527538e-02
2.294908115141447436e-02
2.304666412905698181e-02
2.310586569163164405e-02
2.312707625626442276e-02
2.311073681188002826e-02
2.305733764865347535e-02
2.296741703267901613e-02
2.284155982836322263e-02
2.268039607109439970e-02
2.248459949275416481e-02
2.225488600267522266e-02
2.199201212666745953e-02
2.169677340676146038e-02
2.137000276433653756e-02
2.101256882931912262e-02
2.062537423815924420e-02
2.020935390329980930e-02
1.976547325687449952e-02
1.929472647137198127e-02
1.879813466001978295e-02
1.827674405964052617e-02
1.773162419873819395e-02
1.716386605357178574e-02
1.657458019496949042e-02
1.596489492862751547e-02
1.533595443163304761e-02
1.468891688792972605e-02
1.402495262543268506e-02
1.334524225747424353e-02
1.265097483124022482e-02
1.194334598582136309e-02
1.122355612248004952e-02
1.049280858968437702e-02
9.752307885429467582e-03
9.003257879312220879e-03
8.246860056782101545e-03
7.484311787931408055e-03
6.716804623132399676e-03
5.945522617768150830e-03
5.171640688233059002e-03
4.396323001315871615e-03
3.620721398997051033e-03
2.845973860625905516e-03
2.073203004348211920e-03
1.303514629591440155e-03
5.379963023094402885e-04
-2.222840153831562304e-04
-9.762792896585992253e-04
-1.722964692062012304e-03
-2.461338827890680037e-03
-3.190424914613299023e-03
-3.909271909176226245e-03
-4.616955583139459307e-03
-5.312579544678674992e-03
-5.995276206596233948e-03
