4.125893877000000209e+00
4.146534628000000389e+00
4.146543544000000026e+00
4.166857035999999681e+00
4.187315845999999731e+00
4.187904073000000338e+00
4.196145780000000158e+00
4.207375647000000107e+00
4.217055747999999937e+00
4.236958382000000078e+00
4.246736730000000293e+00
4.247118876000000043e+00
4.247145598000000355e+00
4.247211090999999605e+00
4.267188689000000146e+00
4.277052926999999727e+00
4.286423950999999732e+00
4.286437178999999986e+00
4.297361801000000092e+00
4.306898033999999598e+00
4.316629479999999575e+00
4.331143167000000460e+00
4.341290734000000207e+00
4.357136897000000175e+00
4.370995716999999559e+00
4.377703136000000050e+00
4.377782217000000031e+00
4.387355855000000027e+00
4.397467222999999592e+00
4.408036355000000128e+00
4.417210801999999603e+00
4.426929357999999759e+00
4.431537085999999626e+00
4.466761541000000335e+00
4.476914893000000006e+00
4.476942344000000240e+00
4.476973434999999668e+00
4.481447338999999808e+00
4.496746543000000429e+00
4.506260290000000168e+00
4.517199045999999996e+00
4.528103690000000014e+00
4.536422262000000316e+00
4.547345488000000380e+00
4.558237102999999735e+00
4.566891111000000336e+00
4.588314124000000049e+00
4.622325882000000163e+00
4.636378931999999509e+00
4.647348377000000141e+00
4.656602077999999700e+00
4.666494509999999707e+00
4.686763907999999645e+00
4.686812921999999659e+00
4.690738438000000343e+00
4.696248427000000447e+00
4.696255614000000023e+00
4.696308543999999863e+00
4.696315945000000269e+00
4.706852641000000226e+00
4.721085174999999801e+00
4.721094960000000285e+00
4.736096837999999920e+00
4.746543668000000160e+00
4.757393580000000455e+00
4.768089835999999693e+00
4.776550193000000277e+00
4.787129275999999933e+00
4.797103124000000385e+00
4.806740465999999934e+00
4.816559415000000399e+00
4.826400685000000301e+00
4.841805099000000112e+00
4.841840214000000309e+00
4.866438323999999760e+00
4.878710693000000376e+00
4.887033285000000227e+00
4.891480256999999554e+00
4.907092143999999934e+00
4.907131867000000369e+00
4.917227761999999558e+00
4.946281477999999510e+00
4.946289761000000063e+00
4.950798059000000251e+00
4.956466766000000135e+00
4.961080979000000113e+00
4.976440275999999940e+00
4.996366197000000398e+00
5.010453584000000404e+00
5.016247878999999799e+00
5.016260565999999699e+00
5.036786353000000105e+00
5.037045733000000247e+00
5.041338604999999973e+00
5.067200649000000112e+00
5.067315933999999800e+00
5.107190272999999614e+00
5.128088061999999780e+00
5.137808638000000094e+00
5.138196878999999662e+00
5.141762640999999689e+00
5.156451899000000338e+00
5.156503284000000242e+00
5.156700335000000024e+00
5.166499008999999809e+00
5.166552753999999581e+00
5.177035421000000248e+00
5.181885210999999991e+00
5.197069100000000219e+00
5.216525550000000067e+00
5.220648827999999853e+00
5.227504935999999880e+00
5.237130473999999758e+00
5.256669293999999937e+00
5.267029069000000341e+00
5.271486763999999603e+00
5.271524380999999870e+00
5.287188857000000297e+00
5.306470605999999535e+00
5.306511390999999911e+00
5.317068113000000373e+00
5.321855637999999722e+00
5.331565534000000106e+00
5.347107059999999912e+00
5.357014871999999706e+00
5.377750541000000162e+00
5.386864690999999539e+00
5.396807055000000020e+00
5.406530975999999988e+00
5.427336459000000168e+00
5.427395831000000115e+00
5.427423436999999851e+00
5.446494315999999891e+00
5.456400516000000422e+00
5.456430223999999995e+00
5.466296600999999811e+00
5.478380177000000018e+00
5.487378552000000020e+00
5.497039949000000369e+00
5.501476969999999689e+00
5.526444015000000043e+00
5.526475684000000221e+00
5.546432838999999504e+00
5.546474326000000232e+00
5.557136172999999957e+00
5.577597394999999736e+00
5.577636618999999740e+00
5.586193116999999653e+00
5.596426711999999526e+00
5.606549833999999954e+00
5.611371059999999744e+00
5.636378150999999725e+00
5.647435255999999626e+00
5.647476983999999867e+00
5.666765876000000368e+00
5.676231108999999719e+00
5.681596671999999515e+00
5.688116370000000366e+00
5.696428293000000309e+00
5.707487105000000227e+00
5.717764104999999653e+00
5.726696289000000384e+00
5.736947065999999928e+00
5.741068127000000132e+00
5.751272689000000327e+00
5.767646009999999990e+00
5.771875117000000444e+00
5.787165496000000076e+00
5.797292242000000151e+00
5.807813846000000169e+00
5.816626202000000134e+00
5.821061838000000321e+00
5.836813559000000318e+00
5.841112778000000283e+00
5.861202494999999679e+00
5.867015431999999642e+00
5.877509966999999946e+00
5.896696084000000226e+00
5.896752481000000046e+00
5.901865222999999716e+00
5.911486419000000048e+00
5.926758822000000038e+00
5.937386180999999929e+00
5.946116125999999724e+00
5.958351184999999717e+00
5.967325830000000053e+00
5.977406166999999826e+00
5.987676158000000193e+00
6.006900852000000235e+00
6.010793103000000137e+00
6.016774327000000255e+00
6.027065089999999792e+00
6.047111731000000212e+00
6.047140105000000432e+00
6.051313054000000413e+00
6.066643733000000260e+00
6.070803472999999784e+00
6.087115114999999577e+00
6.096424783999999875e+00
6.106772076000000382e+00
6.111448022000000257e+00
6.121449396000000043e+00
6.137326129999999935e+00
6.141530817999999670e+00
6.151652648999999862e+00
6.166487564999999726e+00
6.187493841000000216e+00
6.197694893999999621e+00
6.197710546999999792e+00
6.207491927000000409e+00
6.211580312999999798e+00
6.220699881999999903e+00
6.246667421999999803e+00
6.257307396999999938e+00
6.257348518999999776e+00
6.261015271999999854e+00
6.276439272000000180e+00
6.286928040000000273e+00
6.307027347000000006e+00
6.307046477000000095e+00
6.316392932000000293e+00
6.326931345000000206e+00
6.336423252000000339e+00
6.350706341999999616e+00
6.356537270999999656e+00
6.367582284000000037e+00
6.377893425999999977e+00
6.387554975000000468e+00
6.407606322999999549e+00
6.407653144000000189e+00
6.426960395000000048e+00
6.436897796000000227e+00
6.456619352999999784e+00
6.466842362000000399e+00
6.476636826000000013e+00
6.476650767999999836e+00
6.476736221999999543e+00
6.496735311000000124e+00
6.507087303999999683e+00
6.526435717000000025e+00
6.526443828999999752e+00
6.526446242999999647e+00
6.555882796999999762e+00
6.555889462999999751e+00
6.555891291000000010e+00
6.566286060000000369e+00
6.586561770000000315e+00
6.597234819999999722e+00
6.607366582000000044e+00
6.607391072000000420e+00
6.616830733000000464e+00
6.626826776999999780e+00
6.646657173999999557e+00
6.657306983999999872e+00
6.657398602999999859e+00
6.666710286999999902e+00
6.677244752000000005e+00
6.716448950000000195e+00
6.716465401999999862e+00
6.716501300000000008e+00
6.716596968000000167e+00
6.727768918999999848e+00
6.737420862000000454e+00
6.751441205999999973e+00
6.751459183999999780e+00
6.767274887000000128e+00
6.786711730000000387e+00
6.786771193999999952e+00
6.796343385000000126e+00
6.807066006999999530e+00
6.816595847000000319e+00
6.836496368999999795e+00
6.836508397000000237e+00
6.847025021000000322e+00
6.856813451999999920e+00
6.866573908000000337e+00
6.871477109999999833e+00
6.896722092000000082e+00
6.896741352000000269e+00
6.906555725999999673e+00
6.927737945999999702e+00
6.966594587999999533e+00
6.977196282999999610e+00
6.977218652999999549e+00
6.977316073999999979e+00
6.986671944000000245e+00
6.986689801999999894e+00
6.986899205000000279e+00
6.996305138000000312e+00
7.006632114000000300e+00
7.017346057000000137e+00
7.026982987000000236e+00
7.036448897999999730e+00
7.057558354000000200e+00
7.067205568000000326e+00
7.077320411999999727e+00
7.082037505999999816e+00
7.082451025000000122e+00
7.096302910000000352e+00
7.157033063000000084e+00
7.166349485999999658e+00
7.176094860000000075e+00
7.181954140000000208e+00
7.187537766000000161e+00
7.196214002999999693e+00
7.196239092999999976e+00
7.216567326999999921e+00
7.216577164000000266e+00
7.236121110000000023e+00
7.236132332999999583e+00
7.236140452999999972e+00
7.241015712000000271e+00
7.241023418000000156e+00
7.241025367999999851e+00
7.251202999000000204e+00
7.266389532999999901e+00
7.276999070000000458e+00
7.296337064000000261e+00
7.307305527000000467e+00
7.318501129000000383e+00
7.326869334000000400e+00
7.326905816000000016e+00
7.336641317999999856e+00
7.346433520999999800e+00
7.351293645000000154e+00
7.366067741000000169e+00
7.396942430000000179e+00
7.396981441000000324e+00
7.407947898999999836e+00
7.411202280999999559e+00
7.426147123999999877e+00
7.431719195000000333e+00
7.432354325000000372e+00
7.447424361999999576e+00
7.457614236000000396e+00
7.467469860999999653e+00
7.476351698000000212e+00
7.486328012999999615e+00
7.497938019000000232e+00
7.501243040000000306e+00
7.527465077000000448e+00
7.546395590000000375e+00
7.546640972999999697e+00
7.546669203000000437e+00
7.557814521000000063e+00
7.566140390000000160e+00
7.587728547000000212e+00
7.596306914000000354e+00
7.596757022000000248e+00
7.601525179000000243e+00
7.616451894999999972e+00
7.661015289999999922e+00
7.661045878999999559e+00
7.661053620999999758e+00
7.666494703999999771e+00
7.666534232000000060e+00
7.676452690999999717e+00
7.680955639999999640e+00
7.696895082000000166e+00
7.707840392999999679e+00
7.727738880000000421e+00
7.727791136000000449e+00
7.736225908999999845e+00
7.747321781000000129e+00
7.757116522000000458e+00
7.766944333999999728e+00
7.777080397999999839e+00
7.800706680000000226e+00
7.800717706000000362e+00
7.800724010999999791e+00
7.816560256999999901e+00
7.826890629000000210e+00
7.836112458999999753e+00
7.846460745999999986e+00
7.856727160000000154e+00
7.866540435000000109e+00
7.876621867999999971e+00
7.896673869999999873e+00
7.896681713999999630e+00
7.916398308999999855e+00
7.916409596000000271e+00
7.921334745000000233e+00
7.946891846999999842e+00
7.957209179999999549e+00
7.986507339000000094e+00
8.006928727000000023e+00
8.006960533000000879e+00
8.006974530000000811e+00
8.007009563000000441e+00
8.016968131000000497e+00
8.016988283999999965e+00
8.036927526999999571e+00
8.036935628000000165e+00
8.051013182000000157e+00
8.056501241999999507e+00
8.066908530999999272e+00
8.091146867000000853e+00
8.096642228000000330e+00
8.096648964999999976e+00
8.106480000999999547e+00
8.117033277000000879e+00
8.126513532000000595e+00
8.137558048000000710e+00
8.156826799999999267e+00
8.176788800000000634e+00
8.176824426999999673e+00
8.176850277999999861e+00
8.186406276999999676e+00
8.196430181000000204e+00
8.220601295999999891e+00
8.221139677000000034e+00
8.227886718000000599e+00
8.236417692999999929e+00
8.246290283000000443e+00
8.257207798999999682e+00
8.266874849000000580e+00
8.276793646999999865e+00
8.286853732000000861e+00
8.297688831000000320e+00
8.311549043999999498e+00
8.316537169000000063e+00
8.326961076999999989e+00
8.346961969000000536e+00
8.357325409999999621e+00
8.357357521999999150e+00
8.387025666999999629e+00
8.391099784999999756e+00
8.391124819999999929e+00
8.397262254999999342e+00
8.401277494000000345e+00
8.417367207999999934e+00
8.427752778000000333e+00
8.436645712000000685e+00
8.467327399000000199e+00
8.467399299000000212e+00
8.477835575000000290e+00
8.477872611000000447e+00
8.487104160999999536e+00
8.496879657999999225e+00
8.507515040999999556e+00
8.526722381999999101e+00
8.526768189000000220e+00
8.536052751999999799e+00
8.546410123999999442e+00
8.550974884000000387e+00
8.567246352999999814e+00
8.577202537999999876e+00
8.581453602999999930e+00
8.597315891999999238e+00
8.607829277000000445e+00
8.616366412999999724e+00
8.627518374999999295e+00
8.641263300000000314e+00
8.656478211999999672e+00
8.656515835000000436e+00
8.676419516999999360e+00
8.676759734000000890e+00
8.706412913999999503e+00
8.706720681000000184e+00
8.711615144999999671e+00
8.727063446000000724e+00
8.727236578999999494e+00
8.736609072000000253e+00
8.756575572999999224e+00
8.760985675000000583e+00
8.761009152999999827e+00
8.776802844000000547e+00
8.816764429999999209e+00
8.827474653999999532e+00
8.827510208999999719e+00
8.837957583999999756e+00
8.838003646000000657e+00
8.838048292999999944e+00
8.847873340999999670e+00
8.867700776999999590e+00
8.877344969999999336e+00
8.886641253000000518e+00
8.886918449999999581e+00
8.897534362000000030e+00
8.900909628000000851e+00
8.930608336000000591e+00
8.948351406000000452e+00
8.951411981999999767e+00
8.966102831000000606e+00
8.981172971999999532e+00
8.981212147000000812e+00
8.987325859000000250e+00
8.998473017000000240e+00
8.998755009999999999e+00
9.006883500000000708e+00
9.011304103000000509e+00
9.021515849000000031e+00
9.037275900999999223e+00
9.056037418000000727e+00
9.066565342000000527e+00
9.077044233000000517e+00
9.097310528999999590e+00
9.106849971000000821e+00
9.136857364000000814e+00
9.136901274999999600e+00
9.146356748000000536e+00
9.168032613999999469e+00
9.176298765000000301e+00
9.196518918000000653e+00
9.196766501999999122e+00
9.197398434000000123e+00
9.206759214999999941e+00
9.216256143000000733e+00
9.222207305999999605e+00
9.236951651000000041e+00
9.246500946999999471e+00
9.256252567000000653e+00
9.266805650000000227e+00
9.266839705000000649e+00
9.267039115999999410e+00
9.267063555000000008e+00
9.277588675000000507e+00
9.287091373999999178e+00
9.306739322000000314e+00
9.317431406000000749e+00
9.321356952000000362e+00
9.328083960000000729e+00
9.331615454999999670e+00
9.341180387999999724e+00
9.367886926000000614e+00
9.377427341000000638e+00
9.387106469999999092e+00
9.396507952000000330e+00
9.396706124999999687e+00
9.407358278000000240e+00
9.427416988999999248e+00
9.427456369999999808e+00
9.438145336999999913e+00
9.447523945000000367e+00
9.458059054999999660e+00
9.478043876999999284e+00
9.478104341999999960e+00
9.487563507000000840e+00
9.497028511999999978e+00
9.501651929999999524e+00
9.517833602999999698e+00
9.527201709999999935e+00
9.537931549999999703e+00
9.546903845999999305e+00
9.566416805999999440e+00
9.566438587000000382e+00
9.586849964000000668e+00
9.586863263999999774e+00
9.606507387000000620e+00
9.606557675999999546e+00
9.627174251999999655e+00
9.627179266000000624e+00
9.647602702000000363e+00
9.647626432999999224e+00
9.667365821000000636e+00
9.667397902999999459e+00
9.676837700000000098e+00
9.686677698000000447e+00
9.696358112000000418e+00
9.708788193000000177e+00
9.737203413999999668e+00
9.737276560999999830e+00
9.747942123999999708e+00
9.756446969000000635e+00
9.756496363000000116e+00
9.776399768999999296e+00
9.776447692999999717e+00
9.796858634999999538e+00
9.797012949999999165e+00
9.806644112000000746e+00
9.827397308000000109e+00
9.838312187999999736e+00
9.847031169999999278e+00
9.847075381999999877e+00
9.856422674000000939e+00
9.867135363999999242e+00
9.881837754999999390e+00
9.887238083999999816e+00
9.917744641000000527e+00
9.917788754000000040e+00
9.936285040999999651e+00
9.936714710000000395e+00
9.936743611000000698e+00
9.946525576999999174e+00
9.956054670000000328e+00
9.967359870999999316e+00
9.977469080000000545e+00
9.998039354999999517e+00
1.000676938500000013e+01
1.001628037200000065e+01
1.001632038900000055e+01
1.002636262699999925e+01
1.004689465699999928e+01
